1 2 1 0 0.204687 0.434722 0.0291667 0.0805556 0.810154 
1 2 3 0 0.294271 0.412037 0.0302083 0.0851852 0.779301 
1 3 1 0 0.207292 0.4375 0.028125 0.0787037 0.805549 
1 3 3 0 0.298698 0.418056 0.0286458 0.0842593 0.752391 
1 4 1 0 0.209635 0.441667 0.0276042 0.0777778 0.730947 
1 4 3 0 0.303646 0.426852 0.0291667 0.0796296 0.677032 
1 5 3 0 0.30651 0.43287 0.0296875 0.0805556 0.773729 
1 5 5 0 0.30651 0.397222 0.0307292 0.1 0.715655 
1 6 1 0 0.220052 0.458796 0.0276042 0.0805556 0.732385 
1 6 3 0 0.313021 0.443981 0.028125 0.0805556 0.625151 
1 6 5 0 0.3125 0.405556 0.0322917 0.1 0.505307 
1 7 1 0 0.223438 0.464352 0.028125 0.0824074 0.712446 
1 7 3 0 0.316927 0.450463 0.0286458 0.0805556 0.64493 
1 8 1 0 0.228125 0.476389 0.0291667 0.0824074 0.825178 
1 8 3 0 0.323437 0.460185 0.028125 0.0814815 0.820513 
1 8 5 0 0.320312 0.415278 0.03125 0.0990741 0.652299 
1 9 1 0 0.232031 0.481944 0.0296875 0.0824074 0.812133 
1 9 3 0 0.327344 0.466667 0.0286458 0.0814815 0.740056 
1 9 5 0 0.326562 0.425463 0.0302083 0.102778 0.719611 
1 10 1 0 0.23724 0.493981 0.0328125 0.0898148 0.811253 
1 10 3 0 0.333073 0.477315 0.0307292 0.0861111 0.772139 
1 10 5 0 0.332292 0.434722 0.03125 0.106481 0.756658 
1 10 7 0 0.236458 0.448611 0.03125 0.102778 0.708315 
1 11 1 0 0.240885 0.501389 0.0338542 0.0916667 0.616544 
1 12 3 0 0.345313 0.494444 0.03125 0.0888889 0.781867 
1 12 5 0 0.34375 0.448148 0.0333333 0.107407 0.639165 
1 13 3 0 0.34974 0.500463 0.0317708 0.0935185 0.701731 
1 13 5 0 0.347917 0.45787 0.0322917 0.112037 0.693494 
1 14 1 0 0.254167 0.525 0.034375 0.0962963 0.764875 
1 14 3 0 0.357031 0.513889 0.0338542 0.0907407 0.709445 
1 14 5 0 0.355208 0.465741 0.0322917 0.111111 0.659829 
1 14 7 0 0.251563 0.482407 0.0333333 0.112963 0.590537 
1 15 1 0 0.257812 0.53287 0.0333333 0.100926 0.776142 
1 15 3 0 0.363542 0.52037 0.0322917 0.0944444 0.723867 
1 15 5 0 0.360938 0.473611 0.0333333 0.113889 0.720097 
1 15 7 0 0.253906 0.481481 0.0369792 0.1 0.625411 
1 16 1 0 0.261719 0.540278 0.0338542 0.102778 0.807363 
1 16 3 0 0.371094 0.536111 0.0328125 0.0962963 0.795316 
1 17 3 0 0.377344 0.544444 0.0317708 0.0981481 0.838213 
1 17 5 0 0.375 0.494907 0.0333333 0.119444 0.804218 
1 18 1 0 0.26875 0.573611 0.0364583 0.106481 0.827552 
1 18 3 0 0.384635 0.559259 0.0348958 0.1 0.814841 
1 18 5 0 0.383073 0.509722 0.0338542 0.121296 0.633002 
1 18 7 0 0.267708 0.527778 0.0354167 0.124074 0.602628 
1 19 1 0 0.272396 0.586574 0.0375 0.108333 0.831186 
1 19 3 0 0.389323 0.569444 0.0380208 0.101852 0.824587 
1 19 5 0 0.388802 0.515741 0.0348958 0.124074 0.821231 
1 19 7 0 0.271354 0.539352 0.0364583 0.134259 0.734594 
1 20 1 0 0.276823 0.600926 0.0369792 0.112963 0.85727 
1 20 3 0 0.39974 0.586574 0.0380208 0.10463 0.833076 
1 20 5 0 0.398958 0.53287 0.0354167 0.128704 0.832076 
1 20 7 0 0.275521 0.555556 0.0375 0.138889 0.815846 
1 21 1 0 0.279948 0.613889 0.0401042 0.114815 0.845028 
1 21 3 0 0.405208 0.598611 0.0395833 0.106481 0.84451 
1 21 5 0 0.404687 0.541667 0.0375 0.133333 0.837286 
1 21 7 0 0.278385 0.567593 0.0390625 0.138889 0.831515 
1 22 1 0 0.285938 0.634259 0.0385417 0.114815 0.852669 
1 22 3 0 0.415104 0.616667 0.04375 0.109259 0.849418 
1 22 5 0 0.414583 0.559259 0.0385417 0.137037 0.848116 
1 22 7 0 0.284115 0.584259 0.0380208 0.138889 0.84378 
1 23 1 0 0.289844 0.647685 0.0380208 0.115741 0.86908 
1 23 3 0 0.423177 0.62963 0.0421875 0.112963 0.851285 
1 23 5 0 0.421615 0.571759 0.0390625 0.139815 0.849837 
1 23 7 0 0.288021 0.597685 0.0375 0.141667 0.841614 
1 24 1 0 0.296875 0.671296 0.0395833 0.12037 0.874457 
1 24 3 0 0.433333 0.648148 0.0458333 0.118519 0.867916 
1 24 5 0 0.433073 0.590278 0.0380208 0.143519 0.858903 
1 24 7 0 0.294792 0.618056 0.0375 0.147222 0.850087 
1 25 1 0 0.301563 0.687963 0.0427083 0.124074 0.877827 
1 25 3 0 0.441927 0.663426 0.0473958 0.121296 0.867141 
1 25 5 0 0.441406 0.603241 0.0401042 0.147222 0.861035 
1 25 7 0 0.299479 0.633796 0.0385417 0.150926 0.852117 
1 26 1 0 0.309115 0.713426 0.0442708 0.126852 0.886648 
1 26 3 0 0.454167 0.686574 0.0520833 0.126852 0.884636 
1 26 5 0 0.453906 0.626389 0.0432292 0.15463 0.867948 
1 26 7 0 0.30651 0.659722 0.0380208 0.158333 0.853093 
1 27 1 0 0.314844 0.732407 0.0453125 0.12963 0.886354 
1 27 3 0 0.463281 0.703241 0.0536458 0.130556 0.883579 
1 27 5 0 0.463021 0.640741 0.0447917 0.159259 0.877863 
1 27 7 0 0.31276 0.672685 0.0401042 0.163889 0.874355 
1 28 1 0 0.325 0.762037 0.0479167 0.138889 0.89065 
1 28 3 0 0.477604 0.730093 0.0552083 0.134259 0.883948 
1 28 5 0 0.478646 0.664352 0.0479167 0.167593 0.879813 
1 28 7 0 0.321615 0.699074 0.0411458 0.168519 0.861328 
1 29 1 0 0.332031 0.783796 0.0505208 0.139815 0.89208 
1 29 3 0 0.48776 0.748611 0.0557292 0.137963 0.87952 
1 29 5 0 0.489323 0.680556 0.0484375 0.17037 0.873038 
1 29 7 0 0.328125 0.718056 0.0427083 0.173148 0.871922 
1 30 1 0 0.342448 0.813426 0.0515625 0.152778 0.889078 
1 30 3 0 0.503906 0.77963 0.0598958 0.144444 0.886476 
1 30 5 0 0.505729 0.709722 0.0520833 0.184259 0.874363 
1 30 7 0 0.339583 0.748611 0.0447917 0.175 0.856796 
1 31 1 0 0.351042 0.84213 0.0541667 0.150926 0.895629 
1 31 3 0 0.515885 0.801852 0.0619792 0.151852 0.879097 
1 31 5 0 0.51875 0.730556 0.0541667 0.192593 0.865758 
1 31 7 0 0.346354 0.769907 0.04375 0.182407 0.863307 
1 32 1 0 0.363281 0.881944 0.0588542 0.162037 0.884905 
1 32 3 0 0.534635 0.836574 0.0661458 0.158333 0.871831 
1 32 5 0 0.536979 0.764352 0.05625 0.200926 0.858115 
1 32 7 0 0.358594 0.812963 0.0484375 0.2 0.844822 
1 33 1 0 0.372656 0.909722 0.0598958 0.169444 0.882559 
1 33 3 0 0.548698 0.860648 0.0692708 0.165741 0.868171 
1 33 5 0 0.550521 0.789352 0.0583333 0.206481 0.853756 
1 33 7 0 0.368229 0.834259 0.0520833 0.203704 0.833776 
1 34 1 0 0.389062 0.934722 0.0666667 0.128704 0.891132 
1 34 3 0 0.571615 0.901389 0.0744792 0.178704 0.877753 
1 34 5 0 0.573958 0.826852 0.0625 0.214815 0.8528 
1 34 7 0 0.386198 0.881481 0.0609375 0.211111 0.828278 
1 35 1 0 0.398438 0.948611 0.065625 0.100926 0.888554 
1 35 3 0 0.588802 0.917593 0.0807292 0.162963 0.884865 
1 35 5 0 0.592187 0.852315 0.0666667 0.221296 0.863176 
1 35 7 0 0.395573 0.9 0.0598958 0.192593 0.85823 
1 36 1 0 0.40651 0.960185 0.0651042 0.0777778 0.900172 
1 36 3 0 0.614844 0.939352 0.0828125 0.119444 0.864782 
1 36 5 0 0.621094 0.889352 0.0682292 0.213889 0.857681 
1 36 7 0 0.414583 0.927778 0.065625 0.142593 0.728963 
1 37 3 1 0.633594 0.956944 0.0828125 0.0842593 0.905229 
1 37 5 1 0.639844 0.905093 0.0692708 0.187963 0.816833 
1 38 3 0 0.647917 0.968981 0.078125 0.0601852 0.882152 
1 39 5 1 0.694271 0.948148 0.06875 0.101852 0.829853 
1 106 9 0 0.160156 0.273611 0.0192708 0.0527778 0.518032 
1 107 9 0 0.161979 0.276389 0.0197917 0.0546296 0.694806 
1 109 9 0 0.166146 0.285185 0.0197917 0.0555556 0.813519 
1 110 9 0 0.16849 0.289815 0.0213542 0.0592593 0.606213 
1 111 9 0 0.171354 0.293056 0.021875 0.0601852 0.618928 
1 112 9 0 0.173958 0.298611 0.0208333 0.0601852 0.666099 
1 113 9 0 0.175781 0.301389 0.0223958 0.062037 0.817169 
1 114 9 0 0.178906 0.305556 0.0234375 0.062963 0.853769 
1 115 9 0 0.18099 0.310648 0.0234375 0.0638889 0.577238 
1 115 13 0 0.18125 0.292593 0.0197917 0.0648148 0.533769 
1 116 9 0 0.184375 0.315741 0.0229167 0.0648148 0.797524 
1 116 13 0 0.184375 0.298148 0.0208333 0.0666667 0.768512 
1 117 9 0 0.186979 0.319444 0.0239583 0.0666667 0.843784 
1 117 13 0 0.186458 0.301852 0.021875 0.0685185 0.834712 
1 118 9 0 0.189583 0.325926 0.025 0.0666667 0.8215 
1 118 13 0 0.188802 0.30787 0.0213542 0.0694444 0.758558 
1 119 9 0 0.191406 0.330556 0.0255208 0.0685185 0.855545 
1 119 13 0 0.191146 0.311111 0.021875 0.0703704 0.850201 
1 120 9 0 0.195573 0.336574 0.0244792 0.0694444 0.614237 
1 120 13 0 0.195312 0.31713 0.021875 0.0712963 0.548271 
1 121 9 0 0.197396 0.340278 0.025 0.0694444 0.839835 
1 121 13 0 0.197135 0.320833 0.0223958 0.0731481 0.835825 
1 122 9 0 0.200521 0.345833 0.025 0.0712963 0.748818 
1 122 13 0 0.20026 0.325926 0.0223958 0.0740741 0.736232 
1 123 9 0 0.202865 0.351389 0.0265625 0.0731481 0.829826 
1 123 13 0 0.202344 0.329167 0.0234375 0.0768519 0.7364 
1 124 9 0 0.206771 0.358333 0.0239583 0.0722222 0.768661 
1 124 13 0 0.204948 0.333333 0.0244792 0.0796296 0.659296 
1 125 9 0 0.208073 0.362963 0.0244792 0.0722222 0.73645 
1 125 13 0 0.207292 0.340278 0.0239583 0.0768519 0.622518 
1 125 16 0 0.255208 0.259722 0.01875 0.062037 0.621802 
1 125 17 0 0.255729 0.279167 0.01875 0.0527778 0.620409 
1 126 9 0 0.211458 0.369907 0.0270833 0.0768519 0.850208 
1 126 13 0 0.210677 0.346759 0.0244792 0.0805556 0.845257 
1 126 16 0 0.257031 0.265278 0.0192708 0.0638889 0.8396 
1 126 17 0 0.257552 0.283333 0.0192708 0.0537037 0.793329 
1 127 9 0 0.214062 0.375926 0.028125 0.0777778 0.874981 
1 127 13 0 0.213281 0.352315 0.0244792 0.0824074 0.860334 
1 127 16 0 0.258594 0.26713 0.0203125 0.0657407 0.860233 
1 127 17 0 0.259115 0.285648 0.0192708 0.0546296 0.858975 
1 128 9 0 0.216927 0.385185 0.0286458 0.0796296 0.872619 
1 128 13 0 0.216667 0.361574 0.0260417 0.0842593 0.867821 
1 128 16 0 0.260677 0.268981 0.0203125 0.0657407 0.813029 
1 128 17 0 0.261198 0.289352 0.0203125 0.0564815 0.79842 
1 129 9 0 0.220312 0.389352 0.0291667 0.0824074 0.89083 
1 129 13 0 0.219531 0.366204 0.0255208 0.0842593 0.87089 
1 129 16 0 0.2625 0.270833 0.0197917 0.0657407 0.864342 
1 129 17 0 0.26276 0.290741 0.0192708 0.0555556 0.84789 
1 130 9 0 0.223958 0.4 0.0302083 0.0833333 0.883178 
1 130 13 0 0.222917 0.374074 0.0270833 0.087037 0.867862 
1 130 16 0 0.264583 0.275463 0.0208333 0.0675926 0.851318 
1 130 17 0 0.265104 0.29537 0.0208333 0.0574074 0.844536 
1 131 9 0 0.226562 0.406481 0.0291667 0.0851852 0.872185 
1 131 13 0 0.225521 0.378241 0.028125 0.0898148 0.862885 
1 131 16 0 0.266146 0.276389 0.0208333 0.0657407 0.842773 
1 131 17 0 0.266667 0.297685 0.0197917 0.0564815 0.829142 
1 132 9 0 0.230729 0.41713 0.0302083 0.0898148 0.886663 
1 132 13 0 0.229948 0.388889 0.0276042 0.0925926 0.881774 
1 132 16 0 0.26849 0.281481 0.0203125 0.0666667 0.829752 
1 132 17 0 0.26901 0.301389 0.0203125 0.0583333 0.819481 
1 133 9 0 0.233854 0.421296 0.03125 0.0907407 0.898104 
1 133 13 0 0.233333 0.395833 0.028125 0.0953704 0.887152 
1 133 16 0 0.270313 0.284722 0.0208333 0.0675926 0.878128 
1 133 17 0 0.270573 0.304167 0.0213542 0.0601852 0.845156 
1 134 9 0 0.238021 0.43287 0.0333333 0.0916667 0.893933 
1 134 13 0 0.23776 0.405556 0.0296875 0.0981481 0.877136 
1 134 16 0 0.272656 0.288426 0.0213542 0.0694444 0.870154 
1 134 17 0 0.272917 0.308333 0.0208333 0.0592593 0.865365 
1 135 9 0 0.241667 0.440278 0.0333333 0.0953704 0.881998 
1 135 13 0 0.241146 0.413889 0.0302083 0.1 0.871403 
1 135 16 0 0.27474 0.290741 0.0223958 0.0703704 0.864462 
1 135 17 0 0.275 0.312037 0.021875 0.0611111 0.857673 
1 136 9 0 0.246875 0.453704 0.034375 0.1 0.894955 
1 136 13 0 0.246354 0.425 0.0302083 0.103704 0.882912 
1 136 16 0 0.278125 0.293519 0.021875 0.0703704 0.870142 
1 136 17 0 0.278385 0.314815 0.0223958 0.0611111 0.863129 
1 137 9 0 0.25 0.4625 0.034375 0.102778 0.883577 
1 137 13 0 0.25 0.433333 0.0322917 0.105556 0.878381 
1 137 16 0 0.279427 0.296296 0.0223958 0.0722222 0.87545 
1 137 17 0 0.279687 0.31713 0.0229167 0.062037 0.870391 
1 138 9 0 0.25625 0.476389 0.0354167 0.106481 0.896412 
1 138 13 0 0.255469 0.444907 0.0328125 0.106481 0.878687 
1 138 16 0 0.282552 0.299537 0.0234375 0.0731481 0.874703 
1 138 17 0 0.282552 0.32037 0.0223958 0.062963 0.855682 
1 139 9 0 0.260156 0.483333 0.0380208 0.109259 0.904212 
1 139 13 0 0.259115 0.453704 0.0328125 0.109259 0.877765 
1 139 16 0 0.284896 0.302778 0.0229167 0.0740741 0.869511 
1 139 17 0 0.285417 0.322685 0.0229167 0.0657407 0.869074 
1 140 9 0 0.265625 0.498611 0.0375 0.110185 0.866315 
1 140 13 0 0.264583 0.466204 0.034375 0.110185 0.85561 
1 140 16 0 0.288542 0.305556 0.0229167 0.0759259 0.855041 
1 140 17 0 0.289062 0.330093 0.0239583 0.0638889 0.84261 
1 141 9 0 0.270313 0.509722 0.0375 0.112037 0.838221 
1 141 13 0 0.26875 0.475463 0.034375 0.112037 0.82654 
1 141 16 0 0.291146 0.307407 0.0239583 0.0777778 0.820283 
1 141 17 0 0.291927 0.332407 0.0234375 0.062963 0.741511 
1 142 9 0 0.277865 0.531944 0.0380208 0.112037 0.802059 
1 142 13 0 0.276823 0.493519 0.0359375 0.12037 0.778437 
1 142 16 0 0.296094 0.311574 0.0234375 0.075 0.754047 
1 142 17 0 0.296615 0.335185 0.0223958 0.0648148 0.753756 
1 143 9 0 0.283594 0.541667 0.0390625 0.114815 0.860275 
1 143 13 0 0.282292 0.504167 0.0375 0.123148 0.839407 
1 143 16 0 0.298177 0.313426 0.0234375 0.075 0.826302 
1 143 17 0 0.299219 0.338426 0.0244792 0.0657407 0.811992 
1 144 9 0 0.290885 0.561111 0.0432292 0.118519 0.860707 
1 144 13 0 0.291146 0.522685 0.0395833 0.128704 0.841127 
1 144 16 0 0.302344 0.31713 0.0244792 0.0768519 0.775997 
1 144 17 0 0.303906 0.343056 0.0244792 0.0675926 0.754706 
1 145 9 0 0.296875 0.575926 0.0447917 0.124074 0.85945 
1 145 13 0 0.297135 0.5375 0.0401042 0.134259 0.810705 
1 145 16 0 0.304948 0.319907 0.0255208 0.0787037 0.808689 
1 145 17 0 0.305729 0.344907 0.0260417 0.0712963 0.807617 
1 146 9 0 0.307812 0.601389 0.04375 0.125 0.848101 
1 146 13 0 0.305729 0.556481 0.0416667 0.138889 0.825224 
1 146 16 0 0.309115 0.325463 0.0255208 0.0805556 0.810175 
1 146 17 0 0.310937 0.352315 0.0270833 0.0731481 0.772426 
1 147 9 0 0.315365 0.62037 0.0442708 0.125926 0.849504 
1 147 13 0 0.313542 0.572222 0.0427083 0.138889 0.791165 
1 147 16 0 0.31224 0.329167 0.0255208 0.0824074 0.722087 
1 148 9 0 0.326562 0.647685 0.046875 0.134259 0.842441 
1 148 13 0 0.324479 0.6 0.0427083 0.142593 0.828464 
1 148 16 0 0.317448 0.331944 0.0265625 0.0824074 0.774465 
1 148 17 0 0.31875 0.359259 0.028125 0.0740741 0.754308 
1 149 9 0 0.334896 0.666667 0.0479167 0.140741 0.852782 
1 149 13 0 0.333073 0.618519 0.0442708 0.15 0.848037 
1 149 16 0 0.320833 0.335648 0.0270833 0.0824074 0.788894 
1 149 17 0 0.321875 0.363426 0.028125 0.0731481 0.78605 
1 150 9 0 0.348177 0.702778 0.0484375 0.142593 0.857804 
1 150 13 0 0.346615 0.648148 0.0453125 0.155556 0.855976 
1 150 16 0 0.323958 0.338426 0.028125 0.0842593 0.790295 
1 150 17 0 0.326302 0.369907 0.0276042 0.0694444 0.734702 
1 151 9 0 0.358594 0.728241 0.0473958 0.14537 0.879947 
1 151 13 0 0.356771 0.669444 0.0458333 0.159259 0.879707 
1 151 16 0 0.327604 0.343056 0.028125 0.0861111 0.538546 
1 151 17 0 0.330208 0.373148 0.0270833 0.0685185 0.52453 
1 152 9 0 0.376563 0.769444 0.0489583 0.153704 0.875854 
1 152 13 0 0.374219 0.706481 0.0484375 0.164815 0.869693 
1 152 16 0 0.332031 0.347685 0.0276042 0.0861111 0.758632 
1 152 17 0 0.334115 0.37963 0.0276042 0.0740741 0.715255 
1 153 9 0 0.388281 0.798611 0.0515625 0.158333 0.875642 
1 153 13 0 0.386719 0.733796 0.0494792 0.167593 0.870021 
1 154 9 0 0.410677 0.848611 0.0588542 0.167593 0.867575 
1 154 13 0 0.408854 0.780093 0.0541667 0.180556 0.818815 
1 154 16 0 0.339844 0.356944 0.0286458 0.0898148 0.763067 
1 154 17 0 0.342187 0.389352 0.028125 0.0768519 0.724628 
1 155 9 0 0.420573 0.871759 0.0609375 0.173148 0.847425 
1 156 9 0 0.455729 0.91713 0.0729167 0.163889 0.887996 
1 156 13 0 0.452865 0.868056 0.0671875 0.199074 0.845984 
1 157 9 0 0.476823 0.939815 0.0786458 0.118519 0.908188 
1 157 13 0 0.475521 0.902315 0.071875 0.186111 0.878066 
1 158 9 1 0.5125 0.938426 0.0791667 0.119444 0.886868 
1 158 13 1 0.488281 0.916204 0.0744792 0.165741 0.774947 
1 158 16 1 0.355469 0.37963 0.0317708 0.0962963 0.741855 
1 158 17 1 0.357031 0.412963 0.0307292 0.0833333 0.674299 
1 167 16 1 0.386458 0.432407 0.0322917 0.107407 0.826107 
1 167 17 1 0.389062 0.468519 0.0322917 0.0888889 0.78222 
1 169 16 1 0.392969 0.444444 0.0328125 0.109259 0.504175 
1 170 16 1 0.397135 0.451852 0.0328125 0.111111 0.741582 
1 171 16 1 0.400521 0.45787 0.0322917 0.112037 0.633349 
1 171 17 1 0.402865 0.496759 0.0317708 0.0935185 0.567951 
1 172 16 1 0.402604 0.465278 0.0322917 0.113889 0.740957 
1 173 16 1 0.404427 0.472222 0.0328125 0.116667 0.832148 
1 173 17 1 0.40625 0.513426 0.0333333 0.0972222 0.807253 
1 174 16 1 0.407813 0.480093 0.0322917 0.119444 0.545575 
1 175 16 1 0.410938 0.487037 0.0333333 0.122222 0.828408 
1 175 17 1 0.411458 0.527315 0.0354167 0.102778 0.804222 
1 176 16 1 0.414323 0.497222 0.0338542 0.127778 0.834457 
1 176 17 1 0.414583 0.536111 0.0364583 0.105556 0.726738 
1 177 16 1 0.416406 0.502778 0.0359375 0.12963 0.858483 
1 177 17 1 0.416667 0.543056 0.0395833 0.108333 0.852943 
1 178 16 1 0.419271 0.511574 0.0375 0.130556 0.824323 
1 178 17 1 0.420052 0.553241 0.0390625 0.112037 0.813345 
1 179 16 1 0.421615 0.519444 0.0369792 0.135185 0.876229 
1 179 17 1 0.422135 0.560648 0.0411458 0.113889 0.863431 
1 180 16 1 0.425 0.52963 0.0385417 0.135185 0.876966 
1 180 17 1 0.42474 0.572222 0.0411458 0.114815 0.86336 
1 181 16 1 0.426823 0.536111 0.0380208 0.137037 0.871684 
1 181 17 1 0.427083 0.579167 0.040625 0.115741 0.866137 
1 182 16 1 0.43099 0.546296 0.0390625 0.140741 0.88215 
1 182 17 1 0.430729 0.591667 0.0416667 0.118519 0.879825 
1 183 16 1 0.433333 0.551852 0.040625 0.142593 0.878643 
1 183 17 1 0.433854 0.598148 0.04375 0.12037 0.874198 
1 184 16 1 0.439844 0.565278 0.0411458 0.143519 0.895576 
1 184 17 1 0.440104 0.610648 0.0447917 0.121296 0.877851 
1 185 16 1 0.44401 0.573611 0.0421875 0.14537 0.891357 
1 185 17 1 0.44401 0.618519 0.0453125 0.124074 0.882132 
1 186 16 1 0.45 0.585648 0.040625 0.14537 0.881168 
1 186 17 1 0.44974 0.63287 0.0463542 0.125 0.856044 
1 187 16 1 0.45599 0.593056 0.0411458 0.147222 0.897549 
1 187 17 1 0.455208 0.641667 0.0489583 0.125926 0.870247 
1 188 16 1 0.465885 0.605093 0.0432292 0.150926 0.89711 
1 188 17 1 0.464844 0.652778 0.0505208 0.127778 0.88558 
1 189 16 1 0.473438 0.612963 0.0447917 0.153704 0.906359 
1 189 17 1 0.472656 0.662037 0.0526042 0.131481 0.880754 
1 190 16 1 0.484896 0.626389 0.0447917 0.156481 0.905574 
1 190 17 1 0.483333 0.677315 0.05625 0.134259 0.881653 
1 191 16 1 0.494271 0.635648 0.046875 0.158333 0.90509 
1 191 17 1 0.492708 0.687037 0.0572917 0.137037 0.883891 
1 192 16 1 0.509115 0.648611 0.0484375 0.163889 0.89949 
1 192 17 1 0.507812 0.701389 0.0614583 0.139815 0.885539 
1 193 16 1 0.520312 0.660648 0.0489583 0.163889 0.896123 
1 193 17 1 0.51901 0.711574 0.0651042 0.141667 0.87367 
1 194 16 1 0.536198 0.671759 0.0484375 0.165741 0.901537 
1 194 17 1 0.535417 0.726852 0.0666667 0.142593 0.874728 
1 195 16 1 0.547917 0.681481 0.05 0.172222 0.89714 
1 195 17 1 0.549219 0.737963 0.0671875 0.144444 0.861999 
1 196 16 1 0.56901 0.696296 0.0546875 0.172222 0.90088 
1 196 17 1 0.570312 0.756019 0.071875 0.147222 0.873274 
1 197 16 1 0.583333 0.708796 0.0541667 0.173148 0.894745 
1 197 17 1 0.585677 0.768981 0.0744792 0.150926 0.878214 
1 197 23 1 0.171354 0.198148 0.0135417 0.0444444 0.746081 
1 197 24 1 0.171354 0.211111 0.015625 0.0388889 0.72005 
1 198 16 1 0.603385 0.726852 0.0546875 0.175926 0.89466 
1 198 17 1 0.607552 0.788889 0.0765625 0.153704 0.861307 
1 198 23 1 0.171354 0.199537 0.0135417 0.0453704 0.831762 
1 198 24 1 0.171354 0.2125 0.015625 0.037963 0.819602 
1 199 16 1 0.619271 0.740741 0.0541667 0.177778 0.898736 
1 199 17 1 0.623698 0.804167 0.0776042 0.156481 0.872075 
1 199 23 1 0.171615 0.2 0.0140625 0.0462963 0.837672 
1 199 24 1 0.172135 0.213889 0.0151042 0.037037 0.830301 
