1 0 0.239063 0.689352 0.308333 0.602778 0.929973
2 0 0.865104 0.475463 0.245833 0.673148 0.90553
3 24 0.265885 0.687037 0.131771 0.290741 0.833687
4 7 0.622396 0.271759 0.458333 0.539815 0.794242
5 3 0.841146 0.762963 0.169792 0.4 0.754528
1 0 0.225 0.654167 0.3 0.662037 0.91527
2 0 0.866667 0.425926 0.240625 0.646296 0.900867
3 24 0.254948 0.608796 0.127604 0.282407 0.805236
4 7 0.653906 0.2375 0.450521 0.469444 0.804097
5 3 0.845313 0.701852 0.16875 0.396296 0.779328
7 3 0.217708 0.820833 0.213542 0.337963 0.652293
1 0 0.217448 0.615741 0.299479 0.674074 0.919619
2 0 0.869531 0.389352 0.234896 0.634259 0.900042
3 24 0.246875 0.562037 0.129167 0.275926 0.823654
4 7 0.67526 0.218981 0.447396 0.436111 0.800163
5 3 0.844271 0.664352 0.172917 0.387963 0.629169
7 3 0.210417 0.796296 0.211458 0.385185 0.597884
1 0 0.214583 0.538889 0.2875 0.648148 0.917998
2 0 0.871875 0.343981 0.232292 0.623148 0.914601
3 24 0.242188 0.486111 0.136458 0.272222 0.852641
4 7 0.740365 0.194907 0.506771 0.386111 0.637657
5 3 0.853385 0.606481 0.157812 0.383333 0.633301
7 3 0.205729 0.811111 0.201042 0.366667 0.559899
1 0 0.215625 0.492593 0.28125 0.635185 0.910974
2 0 0.871875 0.311574 0.232292 0.606481 0.907287
3 24 0.236979 0.439815 0.13125 0.264815 0.868719
4 7 0.729167 0.180093 0.436458 0.356481 0.838979
5 3 0.854688 0.570833 0.152083 0.371296 0.824213
7 3 0.201823 0.784722 0.196354 0.410185 0.799123
1 0 0.217969 0.428241 0.274479 0.615741 0.91754
2 0 0.872396 0.281481 0.228125 0.559259 0.89317
3 24 0.238021 0.376389 0.128125 0.25463 0.873767
4 7 0.688542 0.161111 0.286458 0.318519 0.824755
5 3 0.855208 0.520833 0.151042 0.362037 0.821207
7 3 0.203385 0.736574 0.188021 0.449074 0.80578
8 2 0.884896 0.834722 0.228125 0.315741 0.788173
1 0 0.219271 0.390278 0.271875 0.621296 0.906045
2 0 0.873177 0.258796 0.226562 0.515741 0.905675
3 24 0.240104 0.32963 0.125 0.248148 0.891205
4 7 0.774219 0.149074 0.413021 0.294444 0.834824
5 3 0.853906 0.485185 0.153646 0.359259 0.810201
7 3 0.204167 0.686574 0.184375 0.441667 0.806089
8 2 0.88125 0.80463 0.235417 0.37037 0.551701
1 0 0.225781 0.32037 0.263021 0.577778 0.926446
2 0 0.865625 0.241204 0.213542 0.478704 0.903236
3 24 0.248958 0.273148 0.125 0.25 0.862327
4 7 0.798177 0.133796 0.392188 0.263889 0.816683
5 3 0.853125 0.438426 0.151042 0.350926 0.816536
7 3 0.205469 0.618519 0.186979 0.42963 0.680916
8 2 0.876302 0.763889 0.245312 0.453704 0.569341
1 0 0.230729 0.280093 0.260417 0.560185 0.934431
2 0 0.869271 0.222222 0.21875 0.440741 0.922287
3 24 0.254167 0.244907 0.113542 0.24537 0.872142
4 7 0.735156 0.119444 0.219271 0.237037 0.826396
5 3 0.855208 0.408796 0.148958 0.341667 0.814407
7 3 0.210417 0.569907 0.182292 0.419444 0.669109
8 2 0.874479 0.738426 0.25 0.502778 0.613878
1 0 0.239583 0.25 0.261458 0.5 0.925132
2 0 0.870833 0.199074 0.210417 0.396296 0.858489
3 24 0.266927 0.175 0.104688 0.227778 0.823342
4 7 0.746094 0.104167 0.171354 0.206481 0.813895
5 3 0.857031 0.363889 0.149479 0.335185 0.692756
7 3 0.21875 0.502778 0.175 0.411111 0.619926
8 2 0.872135 0.703241 0.253646 0.569444 0.5546
1 0 0.248438 0.231481 0.259375 0.462963 0.93394
2 0 0.875521 0.176852 0.208333 0.35 0.885631
3 24 0.275 0.135648 0.108333 0.221296 0.860981
4 7 0.761979 0.0930556 0.15625 0.184259 0.846233
5 3 0.861458 0.330556 0.147917 0.335185 0.768471
7 3 0.226302 0.463426 0.172396 0.39537 0.574112
8 2 0.871875 0.678241 0.255208 0.619444 0.534492
1 0 0.27474 0.199537 0.274479 0.397222 0.950774
2 0 0.880729 0.154167 0.205208 0.30463 0.870133
3 24 0.276562 0.0972222 0.105208 0.194444 0.823665
4 7 0.776563 0.0777778 0.132292 0.155556 0.813349
5 3 0.865885 0.297685 0.142187 0.330556 0.770853
1 0 0.282031 0.176389 0.256771 0.352778 0.952232
2 0 0.8875 0.143981 0.196875 0.286111 0.832195
5 3 0.872917 0.259722 0.139583 0.302778 0.824993
7 3 0.248438 0.356481 0.176042 0.383333 0.804911
8 2 0.873698 0.625926 0.251563 0.725926 0.792384
1 0 0.305729 0.149537 0.225 0.297222 0.929579
2 0 0.891146 0.124074 0.178125 0.242593 0.83031
5 3 0.88125 0.193519 0.136458 0.240741 0.799667
7 3 0.266927 0.306019 0.179688 0.362037 0.793569
8 2 0.87526 0.597222 0.248438 0.777778 0.69803
1 0 0.307552 0.148611 0.188021 0.297222 0.937369
2 0 0.90625 0.110185 0.170833 0.218519 0.818573
5 3 0.886198 0.16713 0.141146 0.226852 0.769738
7 3 0.281771 0.262963 0.16875 0.364815 0.754078
8 2 0.875521 0.575463 0.247917 0.817593 0.752977
1 0 0.346875 0.127315 0.210417 0.25463 0.933151
2 0 0.910156 0.0916667 0.148438 0.183333 0.83079
5 3 0.905729 0.122685 0.138542 0.210185 0.676426
7 3 0.310677 0.198148 0.167187 0.37963 0.538907
1 0 0.359375 0.106944 0.179167 0.213889 0.914463
5 3 0.911198 0.0898148 0.130729 0.17963 0.85517
7 3 0.330469 0.180093 0.159896 0.339815 0.604326
1 0 0.38151 0.0902778 0.188021 0.180556 0.928639
7 3 0.369792 0.151389 0.142708 0.300926 0.818802
8 2 0.884896 0.461574 0.229167 0.873148 0.510656
1 0 0.391927 0.0717593 0.159896 0.143519 0.942869
7 3 0.392969 0.133796 0.140104 0.267593 0.841785
7 3 0.427604 0.110185 0.135417 0.22037 0.936492
8 2 0.894271 0.393519 0.210417 0.787037 0.832115
7 3 0.454948 0.0949074 0.151562 0.189815 0.933978
8 2 0.897656 0.366667 0.203646 0.733333 0.811334
7 3 0.492708 0.0731481 0.134375 0.144444 0.92972
8 2 0.904167 0.340278 0.190625 0.678704 0.825946
7 3 0.523438 0.0592593 0.120833 0.118519 0.941445
8 2 0.909115 0.315278 0.180729 0.628704 0.846064
7 3 0.540625 0.0421296 0.096875 0.0842593 0.898936
8 2 0.922917 0.268056 0.153125 0.534259 0.887019
8 2 0.932552 0.243981 0.133854 0.484259 0.850407
8 2 0.939063 0.225926 0.120833 0.446296 0.854224
8 2 0.94974 0.2 0.0994792 0.392593 0.902511
10 2 0.703646 0.852778 0.588542 0.27037 0.831569
8 2 0.957031 0.185185 0.0838542 0.366667 0.947932
10 2 0.70026 0.825463 0.596354 0.330556 0.760397
8 2 0.968229 0.164815 0.0625 0.327778 0.950177
10 2 0.696875 0.783333 0.604167 0.414815 0.759671
8 2 0.976042 0.153241 0.0458333 0.306481 0.957381
10 2 0.695573 0.755093 0.605729 0.467593 0.636539
8 2 0.98151 0.136111 0.0359375 0.272222 0.961704
10 2 0.697656 0.693981 0.603646 0.589815 0.971475
10 2 0.701302 0.65787 0.595313 0.658333 0.964304
10 2 0.698177 0.636574 0.602604 0.700926 0.956455
10 2 0.709635 0.606944 0.579688 0.758333 0.968695
10 2 0.714583 0.580093 0.56875 0.787963 0.962673
10 2 0.71875 0.527778 0.561458 0.792593 0.947516
10 2 0.721354 0.484259 0.55625 0.777778 0.942982
10 2 0.726562 0.440278 0.545833 0.782407 0.946353
11 0 0.31276 0.732407 0.306771 0.511111 0.907248
10 2 0.73099 0.389815 0.536979 0.748148 0.951488
11 0 0.3125 0.710185 0.295833 0.562963 0.890675
10 2 0.740365 0.340741 0.518229 0.67963 0.967032
11 0 0.303125 0.672685 0.288542 0.639815 0.91044
10 2 0.746615 0.318056 0.505729 0.634259 0.954522
11 0 0.317708 0.644444 0.304167 0.687037 0.865391
10 2 0.758073 0.287963 0.482812 0.572222 0.961996
11 0 0.323177 0.556481 0.290104 0.646296 0.865109
12 3 0.28125 0.810648 0.190625 0.358333 0.770019
10 2 0.766406 0.272685 0.465104 0.543519 0.956878
11 0 0.329948 0.506019 0.289062 0.632407 0.894712
12 3 0.293229 0.784259 0.175 0.411111 0.802948
10 2 0.780729 0.24213 0.436458 0.484259 0.943631
11 0 0.35026 0.440741 0.286979 0.62037 0.866782
12 3 0.302083 0.708333 0.177083 0.418519 0.849718
10 2 0.790625 0.239352 0.416667 0.475 0.938421
11 0 0.360417 0.391667 0.273958 0.598148 0.878394
12 3 0.318229 0.656944 0.175 0.410185 0.82348
15 0 0.85 0.69213 0.297917 0.573148 0.822507
10 2 0.80625 0.202315 0.386458 0.399074 0.880486
11 0 0.389583 0.338889 0.266667 0.609259 0.853552
12 3 0.327865 0.585648 0.168229 0.399074 0.836444
15 0 0.846354 0.593056 0.305208 0.606481 0.775008
10 2 0.817187 0.193056 0.363542 0.380556 0.876565
11 0 0.404948 0.306944 0.258854 0.597222 0.860289
12 3 0.345833 0.5375 0.169792 0.393519 0.842137
15 0 0.847656 0.541204 0.303646 0.567593 0.808348
16 3 0.838281 0.810648 0.183854 0.35463 0.68304
10 2 0.833594 0.174074 0.331771 0.342593 0.874966
11 0 0.43151 0.265741 0.244271 0.531481 0.855087
12 3 0.372135 0.471759 0.168229 0.384259 0.820409
15 0 0.852865 0.458333 0.292187 0.562963 0.69959
16 3 0.835156 0.750926 0.186979 0.401852 0.630367
10 2 0.845052 0.161111 0.306771 0.32037 0.894084
11 0 0.446875 0.244907 0.245833 0.489815 0.885917
12 3 0.3875 0.428241 0.158333 0.373148 0.857531
15 0 0.854167 0.410185 0.288542 0.548148 0.829701
16 3 0.836979 0.696759 0.18125 0.391667 0.723107
10 2 0.86276 0.127315 0.273438 0.250926 0.906271
11 0 0.477083 0.211111 0.2375 0.416667 0.885806
12 3 0.417969 0.371296 0.161979 0.364815 0.87826
15 0 0.866146 0.324537 0.266667 0.539815 0.840669
16 3 0.845052 0.61713 0.172396 0.376852 0.829743
10 2 0.87474 0.106944 0.249479 0.210185 0.92985
11 0 0.49401 0.191667 0.227604 0.37963 0.878515
12 3 0.433333 0.318519 0.166667 0.375926 0.875008
15 0 0.866146 0.28287 0.264583 0.532407 0.848074
16 3 0.842708 0.568056 0.180208 0.365741 0.787094
10 2 0.884635 0.0861111 0.209896 0.172222 0.936274
11 0 0.521875 0.168981 0.228125 0.336111 0.893997
12 3 0.473698 0.277315 0.156771 0.350926 0.855015
15 0 0.876302 0.241667 0.246354 0.47963 0.778036
16 3 0.859896 0.496296 0.161458 0.357407 0.600548
11 0 0.548438 0.150463 0.209375 0.300926 0.92339
12 3 0.494531 0.24213 0.153646 0.343519 0.84427
15 0 0.880469 0.223611 0.238021 0.44537 0.796869
16 3 0.865365 0.45 0.166146 0.353704 0.792312
18 0 0.110417 0.726389 0.220833 0.525 0.529506
11 0 0.564323 0.130093 0.177604 0.260185 0.925783
12 3 0.5125 0.195833 0.155208 0.349074 0.784742
15 0 0.892448 0.196759 0.214062 0.393519 0.629877
16 3 0.885417 0.388426 0.15 0.350926 0.568493
11 0 0.605729 0.109722 0.140625 0.219444 0.878647
12 3 0.554948 0.167593 0.153646 0.32963 0.831883
15 0 0.90026 0.172685 0.198437 0.34537 0.831436
16 3 0.898438 0.349537 0.153125 0.339815 0.742702
18 0 0.0882813 0.635185 0.176563 0.625926 0.55856
11 0 0.623698 0.0898148 0.121354 0.17963 0.852603
12 3 0.589323 0.14213 0.146354 0.284259 0.850748
15 0 0.910937 0.146296 0.177083 0.292593 0.814476
16 3 0.915885 0.296759 0.150521 0.328704 0.798535
18 0 0.0809896 0.591667 0.161979 0.688889 0.785782
12 3 0.613542 0.127315 0.14375 0.25463 0.849685
15 0 0.919792 0.11713 0.159375 0.232407 0.822413
16 3 0.927083 0.259259 0.144792 0.324074 0.728701
18 0 0.0765625 0.517593 0.153125 0.642593 0.701694
12 3 0.648698 0.106481 0.138021 0.212963 0.815383
15 0 0.934896 0.0949074 0.129167 0.189815 0.808724
16 3 0.934635 0.206481 0.128646 0.32963 0.773197
18 0 0.0747396 0.449537 0.149479 0.626852 0.764621
19 3 0.0416667 0.774537 0.0833333 0.363889 0.674038
12 3 0.67526 0.0921296 0.139063 0.184259 0.839374
15 0 0.94401 0.0763889 0.109896 0.152778 0.71433
16 3 0.94375 0.174537 0.111458 0.323148 0.671511
18 0 0.0723958 0.4125 0.144792 0.643519 0.634994
19 3 0.0416667 0.7375 0.0833333 0.397222 0.616765
12 3 0.721875 0.075 0.154167 0.148148 0.848919
15 0 0.951302 0.0537037 0.0838542 0.107407 0.796838
16 3 0.956771 0.145833 0.0854167 0.287963 0.754935
18 0 0.0731771 0.375 0.146354 0.683333 0.743596
12 3 0.749479 0.062963 0.142708 0.124074 0.852674
16 3 0.964323 0.131019 0.0703125 0.262037 0.84218
18 0 0.0752604 0.333796 0.150521 0.65463 0.825801
19 3 0.046875 0.611111 0.09375 0.361111 0.822858
12 3 0.783073 0.0449074 0.105729 0.087963 0.84922
16 3 0.970573 0.113426 0.0578125 0.226852 0.826622
18 0 0.0773438 0.300926 0.154688 0.601852 0.623901
12 3 0.808594 0.0282407 0.0755208 0.0564815 0.869614
18 0 0.0802083 0.277778 0.160417 0.555556 0.848868
18 0 0.0841146 0.259259 0.168229 0.516667 0.856169
19 3 0.0567708 0.461111 0.113542 0.388889 0.828369
18 0 0.0875 0.230556 0.175 0.459259 0.81995
19 3 0.059375 0.34537 0.11875 0.527778 0.628923
18 0 0.0929688 0.20463 0.185938 0.403704 0.835356
19 3 0.0664062 0.362963 0.132812 0.388889 0.829413
18 0 0.0919271 0.184259 0.183854 0.368519 0.93013
19 3 0.0809896 0.30463 0.161979 0.440741 0.846975
20 3 0.778385 0.859722 0.328646 0.258333 0.752098
19 3 0.0760417 0.302778 0.152083 0.348148 0.908434
20 3 0.745833 0.818981 0.321875 0.341667 0.886342
21 0 0.74349 0.764352 0.250521 0.450926 0.83572
19 3 0.0895833 0.276389 0.179167 0.343519 0.921944
20 3 0.726562 0.791204 0.322917 0.39537 0.874844
21 0 0.69974 0.738426 0.286979 0.502778 0.858867
19 3 0.0914062 0.238426 0.182812 0.334259 0.844978
20 3 0.702604 0.752315 0.323958 0.471296 0.818947
21 0 0.671354 0.705093 0.286458 0.573148 0.817871
19 3 0.0994792 0.205093 0.198958 0.343519 0.855151
20 3 0.67474 0.735185 0.360938 0.509259 0.838304
21 0 0.647396 0.681944 0.308333 0.623148 0.638672
19 3 0.106771 0.172222 0.198958 0.335185 0.901039
20 3 0.70026 0.701852 0.426563 0.57963 0.563895
21 0 0.639062 0.641204 0.311458 0.673148 0.526065
19 3 0.120573 0.159259 0.201563 0.312963 0.848006
20 3 0.675781 0.672685 0.365104 0.619444 0.84468
21 0 0.623437 0.575463 0.2875 0.636111 0.663738
19 3 0.132812 0.142593 0.194792 0.27963 0.890719
20 3 0.65599 0.633796 0.317188 0.671296 0.855582
21 0 0.623958 0.500926 0.285417 0.616667 0.575768
19 3 0.141406 0.130093 0.190104 0.258333 0.903196
20 3 0.659635 0.569444 0.322396 0.625926 0.900356
21 0 0.626042 0.456019 0.284375 0.613889 0.795582
24 3 0.626302 0.72037 0.209896 0.338889 0.673052
19 3 0.14974 0.116204 0.185938 0.232407 0.899093
20 3 0.646615 0.53287 0.328646 0.669444 0.895465
21 0 0.61901 0.394907 0.254688 0.586111 0.682074
24 3 0.611458 0.636111 0.23125 0.298148 0.618664
19 3 0.15651 0.106019 0.184896 0.212037 0.851979
21 0 0.634896 0.377315 0.270833 0.619444 0.76933
24 3 0.663281 0.471759 0.310937 0.458333 0.662049
25 0 0.62526 0.776389 0.309896 0.432407 0.619657
19 3 0.16224 0.0935185 0.178646 0.187037 0.931105
21 0 0.628646 0.308333 0.242708 0.575926 0.806038
24 3 0.674479 0.375 0.339583 0.498148 0.561389
19 3 0.163021 0.0861111 0.160417 0.172222 0.901709
21 0 0.645052 0.284259 0.253646 0.566667 0.833442
25 0 0.589844 0.713889 0.308854 0.551852 0.688013
19 3 0.16849 0.075 0.149479 0.15 0.887158
21 0 0.658333 0.263426 0.255208 0.525 0.856649
25 0 0.58125 0.678704 0.303125 0.622222 0.583728
21 0 0.670052 0.240278 0.254688 0.480556 0.872363
25 0 0.58125 0.643519 0.304167 0.646296 0.782827
21 0 0.696354 0.219444 0.2375 0.437037 0.852823
25 0 0.584635 0.57037 0.294271 0.611111 0.840996
21 0 0.710938 0.200463 0.235417 0.400926 0.88969
25 0 0.590625 0.518981 0.286458 0.586111 0.767431
21 0 0.741927 0.178704 0.214062 0.357407 0.911668
25 0 0.601302 0.466667 0.281771 0.6 0.834626
29 3 0.590365 0.763889 0.228646 0.416667 0.775221
21 0 0.755469 0.160185 0.213021 0.32037 0.908895
25 0 0.611979 0.422685 0.278125 0.586111 0.879125
29 3 0.599219 0.716204 0.227604 0.413889 0.841359
31 3 0.745573 0.246759 0.134896 0.287963 0.751662
21 0 0.78099 0.137037 0.209896 0.274074 0.891088
25 0 0.630208 0.364352 0.269792 0.571296 0.830418
29 3 0.60651 0.680093 0.238021 0.436111 0.740218
21 0 0.790625 0.122222 0.1875 0.244444 0.890433
25 0 0.64401 0.328241 0.267188 0.558333 0.829092
29 3 0.625 0.609722 0.216667 0.389815 0.710679
31 3 0.780729 0.163889 0.158333 0.266667 0.602834
21 0 0.799479 0.10463 0.170833 0.209259 0.861841
25 0 0.666406 0.277315 0.256771 0.54537 0.74144
29 3 0.647396 0.524537 0.2125 0.426852 0.521568
25 0 0.682813 0.25787 0.253125 0.515741 0.904931
29 3 0.663542 0.497222 0.205208 0.398148 0.746295
25 0 0.707552 0.235648 0.251563 0.471296 0.719082
29 3 0.691406 0.4375 0.195312 0.397222 0.51634
25 0 0.714583 0.218056 0.251042 0.436111 0.751205
29 3 0.704948 0.411574 0.198437 0.365741 0.734552
29 3 0.731771 0.361111 0.19375 0.359259 0.751476
31 3 0.90651 0.0837963 0.170313 0.167593 0.702051
29 3 0.751302 0.309722 0.191146 0.389815 0.818097
31 24 0.75 0.0740741 0.08125 0.148148 0.696005
29 3 0.782292 0.266204 0.182292 0.378704 0.697201
29 0 0.821094 0.150463 0.234896 0.287963 0.639511
29 0 0.829167 0.113889 0.184375 0.227778 0.669006
29 0 0.848177 0.0819444 0.176563 0.163889 0.720142
35 3 0.876563 0.152778 0.169792 0.3 0.670964
35 3 0.89401 0.135185 0.171354 0.268519 0.608618
35 3 0.91875 0.114352 0.158333 0.226852 0.821047
35 3 0.928906 0.101852 0.139063 0.201852 0.826505
35 3 0.943229 0.0842593 0.1125 0.164815 0.826024
35 3 0.951823 0.0703704 0.0953125 0.140741 0.815285
36 2 0.908594 0.297685 0.180729 0.534259 0.891954
36 2 0.871354 0.300463 0.254167 0.599074 0.934796
36 2 0.846875 0.314815 0.305208 0.62963 0.934781
36 2 0.809896 0.328704 0.379167 0.657407 0.947195
36 2 0.784375 0.331944 0.430208 0.660185 0.952321
36 2 0.746615 0.378241 0.504687 0.752778 0.946039
36 2 0.720833 0.388889 0.557292 0.772222 0.942634
36 2 0.680729 0.401852 0.6375 0.796296 0.93289
36 2 0.652865 0.412037 0.692187 0.814815 0.948261
36 2 0.611458 0.425463 0.775 0.836111 0.950502
36 2 0.582292 0.436111 0.834375 0.853704 0.963168
36 2 0.538021 0.452778 0.922917 0.872222 0.962055
36 2 0.507292 0.469444 0.984375 0.87963 0.953552
36 2 0.49974 0.486111 0.999479 0.894444 0.946438
36 2 0.483854 0.501389 0.967708 0.906481 0.933564
36 2 0.448177 0.518981 0.895312 0.910185 0.966819
36 2 0.42474 0.52963 0.848437 0.911111 0.967626
36 2 0.38776 0.514352 0.774479 0.936111 0.949104
36 2 0.361458 0.538889 0.722917 0.883333 0.95582
36 2 0.321354 0.55463 0.642708 0.853704 0.951789
36 2 0.29349 0.538889 0.586979 0.844444 0.932321
36 2 0.25026 0.544444 0.499479 0.814815 0.946915
36 2 0.219531 0.552778 0.439063 0.822222 0.951159
36 2 0.17474 0.571759 0.349479 0.815741 0.930419
36 2 0.143229 0.593981 0.286458 0.778704 0.925214
36 7 0.101823 0.61713 0.194271 0.736111 0.651268
37 2 0.110677 0.250463 0.221354 0.497222 0.84349
37 2 0.127604 0.238889 0.255208 0.477778 0.838447
37 2 0.15026 0.225463 0.300521 0.449074 0.851777
37 2 0.164583 0.219444 0.329167 0.437037 0.792145
37 2 0.183854 0.256019 0.364583 0.512037 0.725507
37 2 0.197917 0.25463 0.395833 0.507407 0.714101
37 2 0.217188 0.241204 0.434375 0.478704 0.836602
37 2 0.229687 0.232407 0.459375 0.461111 0.898883
37 2 0.248177 0.216667 0.496354 0.431481 0.901022
37 2 0.260937 0.207407 0.521875 0.411111 0.891038
37 2 0.279687 0.194907 0.559375 0.386111 0.884415
37 2 0.292448 0.183796 0.584896 0.363889 0.807105
37 2 0.313021 0.171759 0.626042 0.337963 0.724547
37 2 0.32526 0.161111 0.650521 0.32037 0.815711
37 2 0.361979 0.147685 0.651042 0.293519 0.926049
37 2 0.392448 0.138426 0.645312 0.276852 0.815163
37 2 0.438281 0.125463 0.627604 0.249074 0.881122
37 2 0.458333 0.115741 0.63125 0.231481 0.878324
37 2 0.511198 0.10463 0.601562 0.209259 0.833575
37 2 0.540885 0.0958333 0.591146 0.189815 0.826419
37 2 0.581771 0.0851852 0.577083 0.166667 0.866444
37 2 0.611458 0.0763889 0.563542 0.147222 0.925081
39 0 0.0880208 0.69537 0.176042 0.583333 0.864579
37 2 0.65026 0.0657407 0.549479 0.124074 0.909309
39 0 0.116146 0.634259 0.232292 0.587037 0.907535
37 2 0.676042 0.0564815 0.529167 0.105556 0.909178
39 0 0.138802 0.586574 0.266146 0.576852 0.64364
37 2 0.65625 0.0425926 0.396875 0.0851852 0.907001
39 0 0.196094 0.523148 0.257812 0.559259 0.727136
37 2 0.677865 0.0324074 0.309896 0.0648148 0.913476
39 0 0.238281 0.478241 0.249479 0.54537 0.732328
39 0 0.302604 0.419907 0.245833 0.528704 0.898589
39 0 0.344271 0.383333 0.239583 0.531481 0.913338
39 0 0.404687 0.331481 0.235417 0.511111 0.963113
44 2 0.365625 0.768981 0.730208 0.437963 0.910023
39 0 0.446094 0.291204 0.231771 0.49537 0.953999
44 2 0.365885 0.744907 0.731771 0.489815 0.916661
39 0 0.50599 0.238426 0.227604 0.471296 0.953441
44 2 0.371094 0.706944 0.742188 0.562037 0.911874
46 3 0.500521 0.315278 0.311458 0.332407 0.826424
39 0 0.547656 0.215741 0.228646 0.42963 0.952875
44 2 0.375521 0.682407 0.751042 0.611111 0.922607
46 3 0.544271 0.27037 0.294792 0.337037 0.719617
39 0 0.602865 0.215741 0.222396 0.431481 0.96284
44 2 0.382812 0.648611 0.764583 0.673148 0.901204
46 3 0.602604 0.244444 0.279167 0.375926 0.723067
39 0 0.63724 0.198611 0.215104 0.397222 0.956498
44 2 0.386458 0.627315 0.772917 0.717593 0.84932
46 3 0.639062 0.225463 0.275 0.389815 0.739338
39 0 0.690885 0.149537 0.215104 0.293519 0.95087
44 2 0.396615 0.595833 0.793229 0.778704 0.768558
46 3 0.679167 0.197685 0.277083 0.39537 0.555111
